A=91; %>>> 4095
B=126;%>>> 5670
C=84; %>>> 3780  
D=98; %>>> 4410
E=98; %>>> 4410
F=77;
G=105;
H=98;
I=56;
J=49;
K=98;
L=56;
M=112;
N=112;
O=98;
P=84;
Q=112;
R=105;
S=91;
T=56;
U=84;
V=70;
W=119;
X=91;
Y=56;
Z=91;